Patient_ID	ENSG00000224037.2	ENSG00000229719.2	ENSG00000241449.1	ENSG00000258252.1	ENSG00000258573.1
TCGA-A5-A0G1-01	0.038364004	0	0.028022403	0	0
TCGA-A5-A0G2-01	0	0.018847265	0.001331241	0.078262634	0
TCGA-A5-A0G3-01	0	0	0.036451741	0	0
TCGA-A5-A0G5-01	0	0	0	0	0
TCGA-A5-A0G9-01	0	0	0	0	0
TCGA-A5-A0GA-01	0.033401547	0	0	0	0
TCGA-A5-A0GB-01	0.031037821	0	0.022671104	0	0.019991133
TCGA-A5-A0GD-01	0.068047099	0	0	0	0
TCGA-A5-A0GE-01	0.035819842	0	0	0	0
TCGA-A5-A0GG-01	0.11080028	0	0	0	0.023788431
TCGA-A5-A0GH-01	0	0.040724579	0	0	0
TCGA-A5-A0GI-01	0	0	0	0.082220048	0.035455408
TCGA-A5-A0GJ-01	0	0	0	0	0
TCGA-A5-A0GM-01	0.080265663	0	0.029314416	0.090703799	0
TCGA-A5-A0GN-01	0	0	0.071359248	0	0
TCGA-A5-A0GP-01	0	0	0	0	0
TCGA-A5-A0GQ-01	0.053249006	0	0.024448239	0	0
TCGA-A5-A0GR-01	0.130529343	0	0.032493637	0	0
TCGA-A5-A0GU-01	0	0	0	0	0
TCGA-A5-A0GV-01	0	0	0.054997299	0.089879058	0
TCGA-A5-A0GW-01	0.03220764	0.01752986	0	0	0
TCGA-A5-A0GX-01	0.083130391	0	0.030360664	0	0
TCGA-A5-A0R6-01	0.040464172	0	0.029556438	0	0
TCGA-A5-A0R7-01	0.069619304	0	0.020407856	0	0
TCGA-A5-A0R8-01	0	0.021361934	0	0	0
TCGA-A5-A0R9-01	0.039502516	0	0	0	0
TCGA-A5-A0RA-01	0	0	0	0	0
TCGA-A5-A0VP-01	0.114972795	0	0.013996688	0	0
TCGA-A5-A0VQ-01	0	0	0.04787919	0	0
TCGA-A5-A1OG-01	0	0	0	0	0
TCGA-A5-A1OK-01	0.102476903	0	0.021996186	0	0
TCGA-AJ-A23M-01	0	0	0	0	0
TCGA-AJ-A23O-01	0.037617524	0	0.027477148	0	0.048458101
TCGA-AP-A051-01	0	0	0	0	0
TCGA-AP-A052-01	0.050491006	0.109924263	0.036880387	0	0
TCGA-AP-A053-01	0	0.021946528	0	0	0
TCGA-AP-A054-01	0.099844368	0	0.195336201	0	0
TCGA-AP-A056-01	0	0.071377633	0	0	0
TCGA-AP-A059-01	0	0	0	0	0
TCGA-AP-A05A-01	0	0.046974737	0	0.585183052	0
TCGA-AP-A05D-01	0	0	0	0	0
TCGA-AP-A05H-01	0	0	0.028908291	0	0
TCGA-AP-A05J-01	0	0	0	0.140206372	0
TCGA-AP-A05N-01	0.132110663	0.131983013	0	0	0
TCGA-AP-A05O-01	0.037795032	0.020570946	0	0	0
TCGA-AP-A05P-01	0.002865672	0	0	0	0
TCGA-AP-A0L8-01	0	0	0	0	0
TCGA-AP-A0L9-01	0.035694467	0	0	0.080672696	0.04598086
TCGA-AP-A0LD-01	0	0	0	0.150159974	0
TCGA-AP-A0LE-01	0	0	0	0	0
TCGA-AP-A0LF-01	0	0	0	0	0
TCGA-AP-A0LG-01	0	0	0	0.08669206	0
TCGA-AP-A0LH-01	0	0.059040912	0.002460702	0	0
TCGA-AP-A0LI-01	0	0	0	0	0
TCGA-AP-A0LJ-01	0.092937523	0	0.0339424	0	0
TCGA-AP-A0LL-01	0	0	0.009745912	0.312520758	0
TCGA-AP-A0LM-01	0	0	0.031379239	0	0
TCGA-AP-A0LN-01	0	0	0	0	0
TCGA-AP-A0LO-01	0	0	0.029377804	0	0
TCGA-AP-A0LP-01	0.087364863	0	0.056677205	0	0
TCGA-AP-A0LT-01	0	0	0	0	0
TCGA-AP-A0LV-01	0.036264295	0	0	0	0
TCGA-AP-A1DH-01	0	0	0	0	0
TCGA-AP-A1DK-01	0	0	0	0	0
TCGA-AP-A1DM-01	0	0	0.052643047	0	0
TCGA-AP-A1DO-01	0	0	0	0	0
TCGA-AP-A1DQ-01	0	0	0	0	0
TCGA-AP-A1DR-01	0.078593499	0	0	0	0
TCGA-AP-A1DV-01	0.072163292	0	0	0.125540625	0
TCGA-AP-A1E0-01	0	0	0.02592272	0	0
TCGA-AP-A1E1-01	0.039741311	0	0.029028436	0	0
TCGA-AP-A1E3-01	0	0	0	0.086248529	0
TCGA-AP-A1E4-01	0	0	0	0	0
TCGA-AW-A1PO-01	0	0	0.025197833	0.07796639	0.022219176
TCGA-AX-A05S-01	0	0.046854591	0	0	0
TCGA-AX-A05T-01	0	0	0	0	0.072899079
TCGA-AX-A05U-01	0.093658312	0	0	0.105838092	0
TCGA-AX-A05Y-01	0	0	0	0.068723644	0
TCGA-AX-A05Z-01	0	0	0	0	0
TCGA-AX-A060-01	0	0	0	0	0
TCGA-AX-A062-01	0	0	0	0.196601331	0
TCGA-AX-A063-01	0	0	0	0.232925762	0
TCGA-AX-A064-01	0	0.071077795	0	0	0
TCGA-AX-A06B-01	0.033549674	0.036520595	0	0.075825272	0
TCGA-AX-A06D-01	0.19275106	0.026227466	0	0.326726012	0.093111694
TCGA-AX-A06F-01	0	0	0.057142909	0	0
TCGA-AX-A06H-01	0	0	0.031191216	0	0.029861567
TCGA-AX-A06J-01	0.10489243	0	0	0	0
TCGA-AX-A0IS-01	0	0	0.028248759	0	0
TCGA-AX-A0IU-01	0	0	0	0	0.024218104
TCGA-AX-A0IW-01	0.091874851	0	0	0	0
TCGA-AX-A0IZ-01	0	0	0	0	0
TCGA-AX-A0J0-01	0	0	0	0	0
TCGA-AX-A0J1-01	0	0	0.006126077	0	0
TCGA-AX-A1C4-01	0	0	0	0	0.041444364
TCGA-AX-A1C5-01	0	0	0	0	0
TCGA-AX-A1C7-01	0.031433255	0	0	0	0
TCGA-AX-A1C8-01	0	0	0	0	0
TCGA-AX-A1C9-01	0	0	0	0	0
TCGA-AX-A1CA-01	0.085884035	0	0.031366343	0	0.027658501
TCGA-AX-A1CC-01	0	0	0	0	0
TCGA-AX-A1CE-01	0	0	0	0	0.026058255
TCGA-AX-A1CF-01	0	0	0	0	0
TCGA-AX-A1CF-01	0	0	0	0	0
TCGA-AX-A1CI-01	0	0	0.0048697	0	0
TCGA-AX-A1CI-01	0	0	0	0.279971076	0
TCGA-AX-A1CJ-01	0	0	0	0	0
TCGA-AX-A1CK-01	0.086069602	0	0.031434115	0	0
TCGA-AX-A1CN-01	0	0	0.013473072	0	0
TCGA-AX-A1CP-01	0	0	0	0	0
TCGA-AX-A1CR-01	0	0	0.030473739	0	0
TCGA-AX-A2H5-01	0	0	0	0	0.044837372
TCGA-AX-A2HC-01	0	0	0	0	0
TCGA-AX-A2HD-01	0	0	0.026636843	0	0
TCGA-AX-A2HF-01	0.09905078	0	0	0.074621215	0
TCGA-AX-A2HG-01	0	0	0.026647211	0.093526522	0
TCGA-AX-A2HJ-01	0.037462259	0	0	0	0
TCGA-AX-A2HK-01	0	0	0	0	0
TCGA-B5-A0JS-01	0.032681374	0	0	0	0
TCGA-B5-A0JT-01	0	0	0	0	0
TCGA-B5-A0JV-01	0	0	0	0	0
TCGA-B5-A0JX-01	0	0	0	0.170030246	0
TCGA-B5-A0JY-01	0	0	0	0	0
TCGA-B5-A0JZ-01	0	0	0	0	0
TCGA-B5-A0K0-01	0	0.037493878	0	0	0
TCGA-B5-A0K1-01	0	0	0	0.105709981	0
TCGA-B5-A0K2-01	0	0	0	0	0
TCGA-B5-A0K3-01	0.042318653	0	0	0	0
TCGA-B5-A0K4-01	0.099736273	0	0.230055293	0	0
TCGA-B5-A0K6-01	0	0	0	0	0
TCGA-B5-A0K7-01	0.048680031	0	0	0	0
TCGA-B5-A0K8-01	0.035086887	0	0	0.079299512	0
TCGA-B5-A0KB-01	0	0	0	0	0
TCGA-B5-A11E-01	0.073645161	0	0.05078058	0	0
TCGA-B5-A11F-01	0	0	0.062429629	0	0.027524884
TCGA-B5-A11G-01	0	0	0	0	0
TCGA-B5-A11H-01	0	0	0	0	0.022724985
TCGA-B5-A11I-01	0	0	0.012823484	0	0
TCGA-B5-A11J-01	0	0.018263385	0	0	0
TCGA-B5-A11M-01	0.070706369	0	0.025823196	0	0
TCGA-B5-A11N-01	0	0	0	0	0
TCGA-B5-A11O-01	0	0	0	0	0
TCGA-B5-A11P-01	0	0	0	0	0
TCGA-B5-A11Q-01	0	0	0	0	0
TCGA-B5-A11S-01	0	0	0	0.086810679	0
TCGA-B5-A11U-01	0	0	0	0	0.078332747
TCGA-B5-A11V-01	0.042698438	0	0	0	0
TCGA-B5-A11W-01	0	0	0	0	0
TCGA-B5-A11X-01	0	0	0	0	0
TCGA-B5-A11Y-01	0	0	0.038546235	0.119268619	0
TCGA-B5-A11Z-01	0	0	0	0.173302003	0
TCGA-B5-A121-01	0.03640926	0	0	0	0
TCGA-B5-A1MR-01	0	0	0	0	0
TCGA-B5-A1MU-01	0	0.019173217	0	0.079616138	0
TCGA-B5-A1MX-01	0.064468743	0	0	0	0.020761819
TCGA-B5-A1MY-01	0.238618414	0	0.286669719	0.179766339	0.076845802
TCGA-B5-A1N2-01	0	0	0	0	0
TCGA-BG-A0LW-01	0	0	0.026025018	0	0
TCGA-BG-A0LX-01	0.101242574	0	0.008108673	0.152544864	0
TCGA-BG-A0M0-01	0	0	0	0.085314203	0
TCGA-BG-A0M2-01	0.133347579	0	0.032467237	0	0
TCGA-BG-A0M3-01	0	0	0.025766344	0	0
TCGA-BG-A0M4-01	0	0	0	0	0
TCGA-BG-A0M6-01	0	0	0	0	0
TCGA-BG-A0M7-01	0	0	0	0	0
TCGA-BG-A0M8-01	0	0	0	0	0
TCGA-BG-A0M9-01	0.058243485	0	0	0	0
TCGA-BG-A0MA-01	0.107633694	0.010791511	1.052051629	0	0.069325728
TCGA-BG-A0MC-01	0.14214556	0	0	0	0
TCGA-BG-A0MG-01	0	0	0	0	0
TCGA-BG-A0MH-01	0	0	0	0	0.047374428
TCGA-BG-A0MI-01	0	0	0	0	0.023722668
TCGA-BG-A0MO-01	0	0	0	0	0
TCGA-BG-A0MQ-01	0	0	0	0	0
TCGA-BG-A0MS-01	0	0	0.029426567	0	0
TCGA-BG-A0MT-01	0	0	0	0	0
TCGA-BG-A0MU-01	0	0	0	0	0
TCGA-BG-A0RY-01	0	0	0	0	0.013384006
TCGA-BG-A0VT-01	0	0	0	0	0
TCGA-BG-A0VV-01	0	0	0	0	0
TCGA-BG-A0VW-01	0	0	0	0.1102419	0
TCGA-BG-A0VX-01	0	0	0	0	0
TCGA-BG-A0VZ-01	0.126751753	0	0	0.09549011	0
TCGA-BG-A0W1-01	0.045385359	0	0	0	0
TCGA-BG-A0W2-01	0.038111463	0	0	0	0
TCGA-BG-A0YU-01	0.204219925	0	0.030975054	0.095842094	0
TCGA-BG-A0YV-01	0.039259629	0	0	0	0
TCGA-BG-A186-01	0	0	0	0	0
TCGA-BG-A187-01	0.097932247	0	0	0	0
TCGA-BG-A18A-01	0	0	0	0	0
TCGA-BG-A18B-01	0.465035569	0	0	0	0
TCGA-BG-A18C-01	0.03904694	0	0.028521243	0.088249586	0
TCGA-BG-A220-01	0	0	0	0.082264987	0
TCGA-BG-A221-01	0.006747299	0	0	0	0.011485499
TCGA-BG-A222-01	0.035153149	0	0	0	0.022641773
TCGA-BG-A2AD-01	0	0	0.023144365	0	0
TCGA-BG-A2AE-01	0.055906667	0	0	0	0
TCGA-BK-A0C9-01	0	0	0.03143294	0	0
TCGA-BK-A0CA-01	0.039263927	0	0	0	0.025289481
TCGA-BK-A0CB-01	0	0	0	0.084857863	0
TCGA-BK-A0CB-01	0	0	0	0.084857863	0
TCGA-BK-A0CC-01	0	0	0	0	0
TCGA-BK-A139-01	0	0	0	0	0.115833111
TCGA-BK-A13C-01	0	0	0	0	0
TCGA-BK-A13C-01	0	0	0.051739675	0	0
TCGA-BK-A26L-01	0	0	0	0	0.017784389
TCGA-BS-A0T9-01	0.036877341	0	0	0.166692195	0
TCGA-BS-A0TA-01	0	0	0	0	0
TCGA-BS-A0TC-01	0.132159946	0	0	0	0.021280707
TCGA-BS-A0TD-01	0.03226249	0	0	0	0.041559859
TCGA-BS-A0TE-01	0	0.137683997	0	0	0
TCGA-BS-A0TG-01	0	0	0	0	0.028989933
TCGA-BS-A0TI-01	0	0	0	0	0
TCGA-BS-A0TJ-01	0.03457045	0	0	0	0
TCGA-BS-A0U5-01	0	0	0.057654851	0.267590902	0
TCGA-BS-A0U7-01	0	0	0	0	0.04850142
TCGA-BS-A0U8-01	0	0	0	0	0
TCGA-BS-A0U9-01	0.069641594	0	0	0.092729572	0
TCGA-BS-A0UA-01	0.046736271	0	0	0	0
TCGA-BS-A0UF-01	0	0.01671075	0	0	0.039550555
TCGA-BS-A0UJ-01	0	0	0.023989969	0.074229051	0
TCGA-BS-A0UL-01	0	0	0.027167716	0.084061544	0
TCGA-BS-A0UM-01	0.214152785	0	0	0	0
TCGA-BS-A0UT-01	0	0	0	0	0
TCGA-BS-A0UV-01	0	0	0	0	0
TCGA-BS-A0V6-01	0.017489268	0	0	0.083446553	0
TCGA-BS-A0V8-01	0	0	0	0.111443576	0
TCGA-BS-A0WQ-01	0	0	0	0	0
TCGA-D1-A0ZN-01	0.003971087	0	0	0	0
TCGA-D1-A0ZO-01	0	0	0	0	0.02521843
TCGA-D1-A0ZP-01	0.206419037	0	0.043892465	0	0
TCGA-D1-A0ZQ-01	0	0	0.02234049	0	0
TCGA-D1-A0ZR-01	0.237950545	0	0	0	0
TCGA-D1-A0ZS-01	0	0	0	0	0
TCGA-D1-A0ZU-01	0.034795164	0	0	0	0
TCGA-D1-A0ZV-01	0	0	0	0	0
TCGA-D1-A0ZZ-01	0	0.019382855	0	0	0
TCGA-D1-A101-01	0	0	0	0.264366754	0
TCGA-D1-A102-01	0	0	0	0	0
TCGA-D1-A103-01	0	0	0	0	0
TCGA-D1-A15V-01	0	0	0	0	0
TCGA-D1-A15W-01	0	0	0.026373125	0	0
TCGA-D1-A15X-01	0	0	0	0	0
TCGA-D1-A15Z-01	0	0	0.026946937	0	0
TCGA-D1-A160-01	0	0	0.030673272	0.094908331	0
TCGA-D1-A161-01	0	0	0.054135414	0	0
TCGA-D1-A162-01	0.039881249	0	0	0	0
TCGA-D1-A163-01	0	0	0	0	0
TCGA-D1-A165-01	0.037098446	0	0	0	0
TCGA-D1-A167-01	0	0	0	0	0
TCGA-D1-A168-01	0	0	0	0	0
TCGA-D1-A169-01	0.100885405	0	0	0	0.011736336
TCGA-D1-A16B-01	0.035213846	0	0.005753475	0	0
TCGA-D1-A16D-01	0.037304761	0	0	0	0
TCGA-D1-A16E-01	0	0	0.024083778	0	0
TCGA-D1-A16F-01	0.187020814	0	0.025017095	0	0
TCGA-D1-A16G-01	0	0.040533062	0	0	0
TCGA-D1-A16I-01	0.140317005	0.025457081	0	3.065580495	0.503414096
TCGA-D1-A16J-01	0	0.018388534	0	0	0
TCGA-D1-A16N-01	0	0	0	0	0
TCGA-D1-A16O-01	0.037980161	0	0.002555187	0	0
TCGA-D1-A16Q-01	0.040024	0	0.058469844	0.180915661	0
TCGA-D1-A16R-01	0	0	0	0	0
TCGA-D1-A16S-01	0	0	0	0	0.054147887
TCGA-D1-A16V-01	0.185311834	0	0.045594344	0	0
TCGA-D1-A16X-01	0.073503668	0	0	0	0.023671469
TCGA-D1-A16Y-01	0.033735724	0	0	0	0
TCGA-D1-A174-01	0	0	0	0	0
TCGA-D1-A175-01	0	0	0	0	0
TCGA-D1-A176-01	0	0	0.026899008	0	0
TCGA-D1-A177-01	0	0.043930991	0.029478332	0	0
TCGA-D1-A179-01	0	0	0	0	0
TCGA-D1-A17A-01	0	0.021034868	0.018200535	0	0
TCGA-D1-A17B-01	0.035102182	0	0.025639855	0	0
TCGA-D1-A17C-01	0	0	0	0	0
TCGA-D1-A17D-01	0.037914915	0	0	0	0
TCGA-D1-A17F-01	0.075520931	0	0.027581557	0	0
TCGA-D1-A17H-01	0	0	0	0	0
TCGA-D1-A17K-01	0.033891879	0	0	0	0.021829402
TCGA-D1-A17L-01	0	0	0	0	0
TCGA-D1-A17M-01	0	0	0	0	0
TCGA-D1-A17N-01	0	0	0	0	0
TCGA-D1-A17Q-01	0	0	0.026501196	0	0
TCGA-D1-A17R-01	0.022673051	0	0	0	0.021762039
TCGA-D1-A17S-01	0	0.026000807	0.058768566	0.107967476	0
TCGA-D1-A17T-01	0.036685057	0	0	0	0
TCGA-D1-A17U-01	0	0	0	0	0
TCGA-D1-A1NU-01	0	0	0	0	0
TCGA-D1-A1NW-01	0	0	0	0.091639737	0
TCGA-D1-A1NX-01	0	0	0	0	0.022444309
TCGA-D1-A1NY-01	0	0	0	0	0.034687342
TCGA-D1-A1O0-01	0	0	0.02576956	0	0
TCGA-D1-A1O8-01	0	0	0.172979978	0	0.053544673
TCGA-D1-A2G6-01	0	0	0	0	0
TCGA-DI-A0WH-01	0.060386749	0	0	0	0
TCGA-DI-A1BY-01	0	0	0	0	0
TCGA-DI-A1NN-01	0	0	0	0	0
TCGA-DI-A1NO-01	0.264283429	0	0	0.172933803	0
TCGA-E6-A1LX-01	0	0	0	0	0
TCGA-E6-A1LZ-01	0.039230172	0	0.085965246	0.088663707	0
TCGA-E6-A1M0-01	0	0	0	0.054452143	0
TCGA-EC-A1QX-01	0.039567672	0	0	0.089426486	0.02548512
TCGA-EC-A24G-01	0.035292702	0	0	0	0.022731657
TCGA-EO-A1Y8-01	0	0	0	0.180963839	0
TCGA-EY-A1GQ-01	0	0	0	0	0
TCGA-EY-A1GR-01	0	0	0	0	0
TCGA-EY-A1GV-01	0	0	0	0	0
TCGA-EY-A1GW-01	0.112354221	0	0	0	0.023503542
TCGA-EY-A212-01	0.036865951	0	0	0	0
TCGA-FI-A2CX-01	0.058775582	0	0	0	0
TCGA-FI-A2CY-01	0.03107726	0	0	0	0
TCGA-FI-A2D2-01	0.027430267	0	0	0	0
TCGA-FI-A2EU-01	0.064234207	0	0	0	0
TCGA-FI-A2EW-01	0.14293319	0	0	0.215361219	0
TCGA-FI-A2EX-01	0	0	0	0.083421672	0
TCGA-FI-A2F8-01	0.042310185	0	0	0.095624813	0
TCGA-FI-A2F9-01	0.050419374	0	0	0	0
